#Array filler
#Isaiah Frey
#For Can't Stop AI Probability arrays
#Fills probability tables for Can't Stop AI and rounds them to 3 significant figures

prob1Array = [1319109, 2329563, 3557077, 4473033, 5606905, 6435696, 5610260, 4474451, 3559178, 2332746, 1319931]
prob2Array = [[132192, 320212, 438632, 525667, 633279, 712560, 669078, 561474, 473776, 356065, 259576],
              [320212, 232446, 469507, 531895, 635266, 710416, 681850, 642981, 560527, 447439, 355262],
              [438632, 469507, 355737, 610076, 719967, 769676, 746123, 683130, 669852, 561078, 473977],
              [525667, 531895, 610076, 447404, 731569, 776337, 768297, 691658, 682512, 643804, 561133],
              [633279, 635266, 719967, 731569, 559741, 835250, 823059, 768753, 746506, 681973, 668636],
              [712560, 710416, 769676, 776337, 835250, 644033, 835363, 776833, 769656, 710588, 712564],
              [669078, 681850, 746123, 768297, 823059, 835363, 559960, 731594, 720001, 636057, 633632],
              [561474, 642981, 683130, 691658, 768753, 776833, 731594, 447733, 610087, 532672, 525592],
              [473776, 560527, 669852, 682512, 746506, 769656, 720001, 610087, 355678, 470212, 438482],
              [356065, 447439, 561078, 643804, 681973, 710588, 636057, 532672, 470212, 233358, 320618],
              [259576, 355262, 473977, 561133, 668636, 712564, 633632, 525592, 438482, 320618, 132099]]


prob3Array = [[[132362, 321331, 439502, 526882, 633715, 712549, 669039, 560578, 473019, 355031, 259839], [321331, 321331, 522916, 585679, 683398, 752973, 755807, 712368, 634343, 525446, 439491], [439502, 522916, 439502, 658577, 758482, 807208, 815904, 756338, 738302, 634587, 553131], [526882, 585679, 658577, 526882, 770572, 809874, 828451, 760544, 756636, 712670, 635727], [633715, 683398, 758482, 770572, 633715, 864216, 882805, 833313, 810475, 755229, 738105], [712549, 752973, 807208, 809874, 864216, 712549, 890643, 835934, 833297, 778757, 781124], [669039, 755807, 815904, 828451, 882805, 890643, 669039, 821694, 814969, 735097, 737874], [560578, 712368, 756338, 760544, 833313, 835934, 821694, 560578, 708962, 636124, 633987], [473019, 634343, 738302, 756636, 810475, 833297, 814969, 708962, 473019, 577799, 550972], [355031, 525446, 634587, 712670, 755229, 778757, 735097, 636124, 577799, 355031, 437632], [259839, 439491, 553131, 635727, 738105, 781124, 737874, 633987, 550972, 437632, 259839]],
              [[321331, 321331, 522916, 585679, 683398, 752973, 755807, 712368, 634343, 525446, 439491], [321331, 233874, 471021, 533816, 636155, 710456, 682317, 643478, 560890, 447292, 356661], [522916, 471021, 471021, 670187, 742180, 791071, 796511, 778591, 756180, 656855, 579960], [585679, 533816, 670187, 533816, 771403, 787570, 807546, 776813, 758976, 710353, 637971], [683398, 636155, 742180, 771403, 636155, 865077, 852746, 826407, 822226, 757669, 735855], [752973, 710456, 791071, 787570, 865077, 710456, 893117, 843073, 835897, 776664, 779031], [755807, 682317, 796511, 807546, 852746, 893117, 682317, 835041, 832964, 757678, 755779], [712368, 643478, 778591, 776813, 826407, 843073, 835041, 643478, 778221, 709773, 712197], [634343, 560890, 756180, 758976, 822226, 835897, 832964, 778221, 560890, 656419, 634153], [525446, 447292, 656855, 710353, 757669, 776664, 757678, 709773, 656419, 447292, 525203], [439491, 356661, 579960, 637971, 735855, 779031, 755779, 712197, 634153, 525203, 356661]],
              [[439502, 522916, 439502, 658577, 758482, 807208, 815904, 756338, 738302, 634587, 553131], [522916, 471021, 471021, 670187, 742180, 791071, 796511, 778591, 756180, 656855, 579960], [439502, 471021, 356827, 611502, 720530, 769409, 747270, 682895, 669631, 561215, 475083], [658577, 670187, 611502, 611502, 796788, 848350, 845690, 798925, 822965, 779009, 711126], [758482, 742180, 720530, 796788, 720530, 885716, 911200, 864106, 883063, 832920, 815699], [807208, 791071, 769409, 848350, 885716, 769409, 903134, 892843, 876531, 835617, 833421], [815904, 796511, 747270, 845690, 911200, 903134, 747270, 862505, 883666, 822631, 811447], [756338, 778591, 682895, 798925, 864106, 892843, 862505, 682895, 822299, 758620, 756368], [738302, 756180, 669631, 822965, 883063, 876531, 883666, 822299, 669631, 756130, 738363], [634587, 656855, 561215, 779009, 832920, 835617, 822631, 758620, 756130, 561215, 634595], [553131, 579960, 475083, 711126, 815699, 833421, 811447, 756368, 738363, 634595, 475083]],
              [[526882, 585679, 658577, 526882, 770572, 809874, 828451, 760544, 756636, 712670, 635727], [585679, 533816, 670187, 533816, 771403, 787570, 807546, 776813, 758976, 710353, 637971], [658577, 670187, 611502, 611502, 796788, 848350, 845690, 798925, 822965, 779009, 711126], [526882, 533816, 611502, 448762, 732628, 776654, 768905, 691759, 683209, 643853, 562234], [770572, 771403, 796788, 732628, 732628, 886752, 894669, 866828, 862545, 835515, 823013], [809874, 787570, 848350, 776654, 886752, 776654, 914253, 853794, 893018, 842862, 835860], [828451, 807546, 845690, 768905, 894669, 914253, 768905, 866193, 864061, 826012, 833104], [760544, 776813, 798925, 691759, 866828, 853794, 866193, 691759, 798508, 776608, 760532], [756636, 758976, 822965, 683209, 862545, 893018, 864061, 798508, 683209, 778665, 756420], [712670, 710353, 779009, 643853, 835515, 842862, 826012, 776608, 778665, 643853, 712449], [635727, 637971, 711126, 562234, 823013, 835860, 833104, 760532, 756420, 712449, 562234]],
              [[633715, 683398, 758482, 770572, 633715, 864216, 882805, 833313, 810475, 755229, 738105], [683398, 636155, 742180, 771403, 636155, 865077, 852746, 826407, 822226, 757669, 735855], [758482, 742180, 720530, 796788, 720530, 885716, 911200, 864106, 883063, 832920, 815699], [770572, 771403, 796788, 732628, 732628, 886752, 894669, 866828, 862545, 835515, 823013], [633715, 636155, 720530, 732628, 560014, 835476, 823145, 768947, 746085, 681528, 669031], [864216, 865077, 885716, 886752, 835476, 835476, 919557, 914437, 902613, 892536, 890209], [882805, 852746, 911200, 894669, 823145, 919557, 823145, 894707, 910851, 852476, 882822], [833313, 826407, 864106, 866828, 768947, 914437, 894707, 768947, 845235, 807466, 828436], [810475, 822226, 883063, 862545, 746085, 902613, 910851, 845235, 746085, 795458, 814880], [755229, 757669, 832920, 835515, 681528, 892536, 852476, 807466, 795458, 681528, 754914], [738105, 735855, 815699, 823013, 669031, 890209, 882822, 828436, 814880, 754914, 669031]],
              [[712549, 752973, 807208, 809874, 864216, 712549, 890643, 835934, 833297, 778757, 781124], [752973, 710456, 791071, 787570, 865077, 710456, 893117, 843073, 835897, 776664, 779031], [807208, 791071, 769409, 848350, 885716, 769409, 903134, 892843, 876531, 835617, 833421], [809874, 787570, 848350, 776654, 886752, 776654, 914253, 853794, 893018, 842862, 835860], [864216, 865077, 885716, 886752, 835476, 835476, 919557, 914437, 902613, 892536, 890209], [712549, 710456, 769409, 776654, 835476, 643645, 835706, 776262, 769086, 709853, 712220], [890643, 893117, 903134, 914253, 919557, 835706, 835706, 886343, 885870, 865037, 864321], [835934, 843073, 892843, 853794, 914437, 776262, 886343, 776262, 847593, 787097, 809378], [833297, 835897, 876531, 893018, 902613, 769086, 885870, 847593, 769086, 790491, 806724], [778757, 776664, 835617, 842862, 892536, 709853, 865037, 787097, 790491, 709853, 752162], [781124, 779031, 833421, 835860, 890209, 712220, 864321, 809378, 806724, 752162, 712220]],
              [[669039, 755807, 815904, 828451, 882805, 890643, 669039, 821694, 814969, 735097, 737874], [755807, 682317, 796511, 807546, 852746, 893117, 682317, 835041, 832964, 757678, 755779], [815904, 796511, 747270, 845690, 911200, 903134, 747270, 862505, 883666, 822631, 811447], [828451, 807546, 845690, 768905, 894669, 914253, 768905, 866193, 864061, 826012, 833104], [882805, 852746, 911200, 894669, 823145, 919557, 823145, 894707, 910851, 852476, 882822], [890643, 893117, 903134, 914253, 919557, 835706, 835706, 886343, 885870, 865037, 864321], [669039, 682317, 747270, 768905, 823145, 835706, 559968, 731190, 719902, 635329, 633430], [821694, 835041, 862505, 866193, 894707, 886343, 731190, 731190, 795404, 769801, 769115], [814969, 832964, 883666, 864061, 910851, 885870, 719902, 795404, 719902, 741545, 757631], [735097, 757678, 822631, 826012, 852476, 865037, 635329, 769801, 741545, 635329, 682442], [737874, 755779, 811447, 833104, 882822, 864321, 633430, 769115, 757631, 682442, 633430]],
              [[560578, 712368, 756338, 760544, 833313, 835934, 821694, 560578, 708962, 636124, 633987], [712368, 643478, 778591, 776813, 826407, 843073, 835041, 643478, 778221, 709773, 712197], [756338, 778591, 682895, 798925, 864106, 892843, 862505, 682895, 822299, 758620, 756368], [760544, 776813, 798925, 691759, 866828, 853794, 866193, 691759, 798508, 776608, 760532], [833313, 826407, 864106, 866828, 768947, 914437, 894707, 768947, 845235, 807466, 828436], [835934, 843073, 892843, 853794, 914437, 776262, 886343, 776262, 847593, 787097, 809378], [821694, 835041, 862505, 866193, 894707, 886343, 731190, 731190, 795404, 769801, 769115], [560578, 643478, 682895, 691759, 768947, 776262, 731190, 446783, 609171, 531632, 524819], [708962, 778221, 822299, 798508, 845235, 847593, 795404, 609171, 609171, 667857, 656320], [636124, 709773, 758620, 776608, 807466, 787097, 769801, 531632, 667857, 531632, 583267], [633987, 712197, 756368, 760532, 828436, 809378, 769115, 524819, 656320, 583267, 524819]],
              [[473019, 634343, 738302, 756636, 810475, 833297, 814969, 708962, 473019, 577799, 550972], [634343, 560890, 756180, 758976, 822226, 835897, 832964, 778221, 560890, 656419, 634153], [738302, 756180, 669631, 822965, 883063, 876531, 883666, 822299, 669631, 756130, 738363], [756636, 758976, 822965, 683209, 862545, 893018, 864061, 798508, 683209, 778665, 756420], [810475, 822226, 883063, 862545, 746085, 902613, 910851, 845235, 746085, 795458, 814880], [833297, 835897, 876531, 893018, 902613, 769086, 885870, 847593, 769086, 790491, 806724], [814969, 832964, 883666, 864061, 910851, 885870, 719902, 795404, 719902, 741545, 757631], [708962, 778221, 822299, 798508, 845235, 847593, 795404, 609171, 609171, 667857, 656320], [473019, 560890, 669631, 683209, 746085, 769086, 719902, 609171, 354661, 468744, 437241], [577799, 656419, 756130, 778665, 795458, 790491, 741545, 667857, 468744, 468744, 520457], [550972, 634153, 738363, 756420, 814880, 806724, 757631, 656320, 437241, 520457, 437241]],
              [[355031, 525446, 634587, 712670, 755229, 778757, 735097, 636124, 577799, 355031, 437632], [525446, 447292, 656855, 710353, 757669, 776664, 757678, 709773, 656419, 447292, 525203], [634587, 656855, 561215, 779009, 832920, 835617, 822631, 758620, 756130, 561215, 634595], [712670, 710353, 779009, 643853, 835515, 842862, 826012, 776608, 778665, 643853, 712449], [755229, 757669, 832920, 835515, 681528, 892536, 852476, 807466, 795458, 681528, 754914], [778757, 776664, 835617, 842862, 892536, 709853, 865037, 787097, 790491, 709853, 752162], [735097, 757678, 822631, 826012, 852476, 865037, 635329, 769801, 741545, 635329, 682442], [636124, 709773, 758620, 776608, 807466, 787097, 769801, 531632, 667857, 531632, 583267], [577799, 656419, 756130, 778665, 795458, 790491, 741545, 667857, 468744, 468744, 520457], [355031, 447292, 561215, 643853, 681528, 709853, 635329, 531632, 468744, 231972, 319200], [437632, 525203, 634595, 712449, 754914, 752162, 682442, 583267, 520457, 319200, 319200]],
              [[259839, 439491, 553131, 635727, 738105, 781124, 737874, 633987, 550972, 437632, 259839], [439491, 356661, 579960, 637971, 735855, 779031, 755779, 712197, 634153, 525203, 356661], [553131, 579960, 475083, 711126, 815699, 833421, 811447, 756368, 738363, 634595, 475083], [635727, 637971, 711126, 562234, 823013, 835860, 833104, 760532, 756420, 712449, 562234], [738105, 735855, 815699, 823013, 669031, 890209, 882822, 828436, 814880, 754914, 669031], [781124, 779031, 833421, 835860, 890209, 712220, 864321, 809378, 806724, 752162, 712220], [737874, 755779, 811447, 833104, 882822, 864321, 633430, 769115, 757631, 682442, 633430], [633987, 712197, 756368, 760532, 828436, 809378, 769115, 524819, 656320, 583267, 524819], [550972, 634153, 738363, 756420, 814880, 806724, 757631, 656320, 437241, 520457, 437241], [437632, 525203, 634595, 712449, 754914, 752162, 682442, 583267, 520457, 319200, 319200], [259839, 356661, 475083, 562234, 669031, 712220, 633430, 524819, 437241, 319200, 132104]]]

prob1 = [0 for i in range(0,11)]
prob2 = [[0 for i in range(0,11)] for j in range(0,11)]
prob3 = [[[0 for i in range(0,11)] for j in range(0,11)] for k in range(0,11)]

#prob1
#for i in range(0,11):
#    prob1[i] = round(prob1Array[i]/10000000,3)

#prob2
#for i in range(0,11):
#    for j in range(0,11):
#        prob2[i][j] = round(prob2Array[i][j]/1000000,3)
        
#prob3
for i in range(0,11):
    for j in range(0,11):
        for k in range(0,11):
            prob3[i][j][k] = round(prob3Array[i][j][k]/1000000,3)

print(prob3)